'time: 16:57:21.325437 count:5 size: 1M load: '
'time: 16:58:22.817031 count:5 size: 1M load: '
'time: 17:00:35.134719 count:5 size: 1M load: '
